1 1.3803
2 1.69988
3 2.97969
4 2.8556
5 1.63628
6 2.06752
7 2.46168
8 3.07834
9 4.08233
10 1.95932
11 1.72684
12 2.06808
13 2.33062
14 1.55136
15 0.667681
16 2.19825
17 0.52417
18 1.5843
19 1.69521
20 0.56007
21 2.03095
22 3.35753
23 0.850251
24 1.32874
25 0.715781
26 1.29148
27 1.49509
28 1.55484
29 1.636
30 0.477481
31 1.44636
32 0.947671
33 0.964479
34 0.228978
35 1.45011
36 0.689323
37 0.449894
38 0.639238
39 1.49027
40 1.4407
41 0.618617
42 0.667986
43 2.08447
44 1.42924
45 2.01316
46 0.832604
47 1.46186
48 1.12199
49 0.258382
50 1.66552
51 1.39387
52 0.559832
53 1.30698
54 1.29036
55 0.948132
56 1.67564
57 1.245
58 0.149488
59 1.22049
60 0.799437
61 1.05591
62 0.882684
63 1.63243
64 1.10256
65 0.794613
66 1.12383
67 0.428689
68 0.125027
69 0.204569
70 0.470087
71 0.276334
72 0.597413
73 0.238709
74 0.144164
75 0.235592
76 0.0633909
77 0.245487
78 0.116575
79 0.145545
80 0.105405
81 0.114826
82 0.173899
83 0.0891531
84 0.401983
85 0.0580741
86 0.179248
87 0.0722388
88 0.103282
89 0.0817545
90 0.0786643
91 0.0887648
92 0.0534037
93 0.108617
94 0.0676949
95 0.0564171
96 0.129021
97 0.0848919
98 0.0990147
99 0.0320222
100 0.0393869
101 0.0673309
102 0.0577436
103 0.0417412
104 0.0604155
105 0.045562
106 0.0960425
107 0.0355143
108 0.0682557
109 0.0962152
110 0.0338855
111 0.032685
112 0.0555705
113 0.0285933
114 0.0156515
115 0.0559494
116 0.0258421
117 0.0293409
118 0.0565468
119 0.0484638
120 0.0425984
121 0.0507062
122 0.025758
123 0.0737624
124 0.0215669
125 0.0467441
126 0.0251584
127 0.0474129
128 0.054553
129 0.0418092
130 0.0739009
131 0.0617685
132 0.0530204
133 0.0540093
134 0.0287438
135 0.0217669
136 0.0486554
137 0.0590577
138 0.0259825
139 0.0236154
140 0.027192
141 0.038266
142 0.0347043
143 0.0636701
144 0.0405158
145 0.0493957
146 0.0328336
147 0.0509719
148 0.0182271
149 0.021319
150 0.0240146
151 0.0400141
152 0.0358261
153 0.0385671
154 0.0153802
155 0.0214204
156 0.0252763
157 0.0760111
158 0.0554848
159 0.041308
160 0.0200593
161 0.0322955
162 0.0163937
163 0.0156257
164 0.0416317
165 0.0237795
166 0.0270248
167 0.0391163
168 0.0207135
169 0.0355066
170 0.028268
171 0.0190597
172 0.0189546
173 0.0232306
174 0.0180821
175 0.0176742
176 0.0277491
177 0.0229334
178 0.0180205
179 0.0163672
180 0.0252508
181 0.0167429
182 0.0148435
183 0.0270924
184 0.018419
185 0.0275715
186 0.0344587
187 0.0233506
188 0.0160161
189 0.0631784
190 0.020135
191 0.0174832
192 0.0124737
193 0.0184476
194 0.010628
195 0.0164652
196 0.013884
197 0.0292299
198 0.0129348
199 0.0171855
200 0.0192462
201 0.0181354
202 0.0209396
203 0.0212892
204 0.0243295
205 0.0212005
206 0.0282258
207 0.0127128
208 0.0237537
209 0.0273124
210 0.0220241
211 0.016944
212 0.0227827
213 0.0298874
214 0.0243962
215 0.0298723
216 0.0189151
217 0.0220276
218 0.0210433
219 0.0162772
220 0.0158573
221 0.0100727
222 0.011565
223 0.0340877
224 0.0280354
225 0.00962449
226 0.0138405
227 0.01827
228 0.01637
229 0.0371683
230 0.015803
231 0.0117213
232 0.0223508
233 0.0255132
234 0.0139465
235 0.0171727
236 0.0145265
237 0.0364993
238 0.021365
239 0.0299195
240 0.011888
241 0.0288532
242 0.0244519
243 0.0171502
244 0.0350428
245 0.0143599
246 0.0185571
247 0.013448
248 0.0339369
249 0.0103127
250 0.027293
251 0.0116581
252 0.0117615
253 0.0094529
254 0.0345822
255 0.0302986
256 0.0121599
257 0.0124292
258 0.0122334
259 0.0131554
260 0.0135048
261 0.0132548
262 0.0141029
263 0.0190619
264 0.0107653
265 0.00770811
266 0.010392
267 0.0154339
268 0.0182186
269 0.0235819
270 0.0232829
271 0.0206229
272 0.0158577
273 0.0164568
274 0.0186703
275 0.0128192
276 0.0139386
277 0.0137961
278 0.0142782
279 0.0153329
280 0.0100951
281 0.0202147
282 0.0172523
283 0.0208987
284 0.0110301
285 0.0181916
286 0.0244619
287 0.00826723
288 0.0106506
289 0.0134446
290 0.0134415
291 0.0218325
292 0.0113684
293 0.0216374
294 0.0100416
295 0.0124207
296 0.0212288
297 0.0222586
298 0.0125627
299 0.017292
300 0.0376108
301 0.0167759
302 0.00629405
303 0.0141113
304 0.0112474
305 0.0068294
306 0.0138418
307 0.0256818
308 0.0217226
309 0.0150755
310 0.0117155
311 0.0284964
312 0.014844
313 0.00809205
314 0.0151033
315 0.00831885
316 0.0133285
317 0.0178428
318 0.0137736
319 0.0207415
320 0.0149813
321 0.0158085
322 0.0090685
323 0.010735
324 0.0205546
325 0.0120821
326 0.0139197
327 0.0149279
328 0.0172092
329 0.0125705
330 0.0134837
331 0.00513445
332 0.0119917
333 0.0159433
334 0.00539012
335 0.0136903
336 0.00784838
337 0.0114067
338 0.0127511
339 0.00951227
340 0.0106679
341 0.0110822
342 0.0189753
343 0.020061
344 0.00937231
345 0.00861023
346 0.0114232
347 0.0158904
348 0.017797
349 0.0139519
350 0.0184919
351 0.00639507
352 0.0173865
353 0.0128005
354 0.0177963
355 0.0119784
356 0.00896227
357 0.0136703
358 0.00611563
359 0.0208942
360 0.0156585
361 0.0108245
362 0.0170886
363 0.0107514
364 0.0113654
365 0.0112313
366 0.0141897
367 0.00824387
368 0.00464944
369 0.0125087
370 0.0208538
371 0.0151078
372 0.0109247
373 0.0310559
374 0.0109076
375 0.0149052
376 0.011789
377 0.0125509
378 0.00969571
379 0.0126194
380 0.0135705
381 0.0089016
382 0.0105442
383 0.0100074
384 0.0173369
385 0.00692589
386 0.0122165
387 0.00658108
388 0.012472
389 0.0087161
390 0.0161324
391 0.00421156
392 0.0118085
393 0.0118637
394 0.00875592
395 0.00879613
396 0.0107628
397 0.00784405
398 0.00478933
399 0.0130624
400 0.00678264
401 0.0104702
402 0.019469
403 0.00734361
404 0.00680604
405 0.0127771
406 0.0133299
407 0.00910301
408 0.0131712
409 0.00716473
410 0.0047563
411 0.0160605
412 0.0129518
413 0.00616281
414 0.0222621
415 0.0087488
416 0.0133769
417 0.00936352
418 0.00430818
419 0.0115232
420 0.00577089
421 0.0118507
422 0.0132517
423 0.0133326
424 0.00986804
425 0.0109508
426 0.00865771
427 0.0130259
428 0.00489159
429 0.0209664
430 0.00985322
431 0.00718689
432 0.00656154
433 0.0198734
434 0.0127822
435 0.00590743
436 0.0118289
437 0.00818688
438 0.00653166
439 0.00491207
440 0.00708756
441 0.00600083
442 0.00597672
443 0.0112434
444 0.00474454
445 0.00931647
446 0.00617202
447 0.00863518
448 0.00543471
449 0.00563534
450 0.0106479
451 0.0073454
452 0.0104647
453 0.00709824
454 0.0105939
455 0.00627289
456 0.00759349
457 0.00613791
458 0.00791097
459 0.00857697
460 0.00659955
461 0.00931955
462 0.011256
463 0.00673423
464 0.00623255
465 0.0104408
466 0.00685458
467 0.00704397
468 0.00837565
469 0.00591999
470 0.00818184
471 0.0128331
472 0.00550159
473 0.00551533
474 0.00935991
475 0.0138542
476 0.00707862
477 0.0193343
478 0.00578008
479 0.0116412
480 0.0118165
481 0.00602021
482 0.006317
483 0.0119128
484 0.00385805
485 0.00828858
486 0.0107908
487 0.0112397
488 0.00514274
489 0.00960326
490 0.0140865
491 0.00888926
492 0.00896897
493 0.00589614
494 0.0107725
495 0.00778455
496 0.0082653
497 0.0129043
498 0.00560094
499 0.0102818
500 0.00731145
501 0.004871
502 0.0133293
503 0.0126436
504 0.00700864
505 0.00501706
506 0.00597088
507 0.00553158
508 0.00852776
509 0.00526421
510 0.00711454
511 0.00767172
512 0.00649667
513 0.00376885
514 0.00598453
515 0.00665054
516 0.0101875
517 0.0175789
518 0.00571781
519 0.00830835
520 0.00835272
521 0.00812961
522 0.00465426
523 0.0106171
524 0.0109795
525 0.00648088
526 0.00670131
527 0.0109706
528 0.00936799
529 0.00768855
530 0.00461036
531 0.00710549
532 0.00520054
533 0.00592798
534 0.00871697
535 0.00682583
536 0.00584256
537 0.0107167
538 0.0108951
539 0.00496051
540 0.0175761
541 0.00586553
542 0.0055115
543 0.0151293
544 0.0083231
545 0.00558998
546 0.00341912
547 0.00614995
548 0.0162143
549 0.00557083
550 0.0057163
551 0.00496389
552 0.00324019
553 0.00391258
554 0.0100076
555 0.00648186
556 0.00930945
557 0.00611165
558 0.00784185
559 0.00777561
560 0.00750169
561 0.0107107
562 0.00986729
563 0.0157771
564 0.00357524
565 0.00978949
566 0.0063862
567 0.00715842
568 0.00973183
569 0.00623317
570 0.00603308
571 0.0070734
572 0.00656392
573 0.00598616
574 0.0180449
575 0.0128326
576 0.00637056
577 0.0117185
578 0.00622383
579 0.00389288
580 0.00921404
581 0.00632818
582 0.00845333
583 0.00710812
584 0.00707597
585 0.00866098
586 0.00478923
587 0.00512701
588 0.00243493
589 0.00402858
590 0.00881976
591 0.00590326
592 0.00410864
593 0.00461089
594 0.00444557
595 0.0120899
596 0.00630953
597 0.00755501
598 0.00569011
599 0.00528834
600 0.00440992
601 0.00288944
602 0.00509228
603 0.00659357
604 0.00635926
605 0.00971873
606 0.00724592
607 0.00761798
608 0.00577557
609 0.00386191
610 0.0069224
611 0.00927008
612 0.00545319
613 0.00732468
614 0.00694146
615 0.00503929
616 0.00902941
617 0.00428949
618 0.00340467
619 0.014193
620 0.0209033
621 0.00604216
622 0.00712741
623 0.00641784
624 0.00982485
625 0.00281477
626 0.0089439
627 0.00404801
628 0.00529417
629 0.00550354
630 0.0067413
631 0.0122023
632 0.00642663
633 0.00645353
634 0.00755309
635 0.0079565
636 0.0123653
637 0.00309646
638 0.00757426
639 0.00957178
640 0.00537394
641 0.00461966
642 0.0064064
643 0.0064214
644 0.00742501
645 0.00537286
646 0.00528808
647 0.0115011
648 0.00818012
649 0.00542197
650 0.00945288
651 0.00635039
652 0.00871981
653 0.00603772
654 0.00644936
655 0.00568716
656 0.00453281
657 0.00513806
658 0.00422079
659 0.00887481
660 0.00505824
661 0.00271052
662 0.00278257
663 0.0052067
664 0.00690562
665 0.00882091
666 0.00600233
667 0.00590293
668 0.00639229
669 0.00409597
670 0.00844503
671 0.00907315
672 0.0121871
673 0.0115482
674 0.00277496
675 0.00564812
676 0.0152754
677 0.0045486
678 0.00844994
679 0.0078233
680 0.00311884
681 0.00316257
682 0.00795814
683 0.00596796
684 0.00524407
685 0.00543721
686 0.00320575
687 0.00735909
688 0.00707791
689 0.00874438
690 0.00650751
691 0.00803325
692 0.00425322
693 0.00606405
694 0.0143949
695 0.00371308
696 0.00857494
697 0.00950132
698 0.00791329
699 0.00403844
700 0.0055081
701 0.00290004
702 0.00489452
703 0.0059108
704 0.0148209
705 0.00485608
706 0.0046534
707 0.00250038
708 0.00289282
709 0.00389926
710 0.00659856
711 0.00413376
712 0.00684462
713 0.0113888
714 0.00633953
715 0.00887095
716 0.00571159
717 0.00446556
718 0.00791033
719 0.00746257
720 0.00639864
721 0.00655907
722 0.00296257
723 0.00398828
724 0.00663709
725 0.00270538
726 0.00723487
727 0.00505159
728 0.00343944
729 0.00488731
730 0.0126087
731 0.00226642
732 0.00341662
733 0.00679894
734 0.0061446
735 0.00309226
736 0.00814696
737 0.010718
738 0.0086283
739 0.00538253
740 0.0079775
741 0.00466428
742 0.00461927
743 0.00402024
744 0.00567107
745 0.00809155
746 0.00466913
747 0.00325819
748 0.00257024
749 0.00661646
750 0.00594157
751 0.00404692
752 0.00350377
753 0.00902717
754 0.003789
755 0.00769685
756 0.00359314
757 0.00566892
758 0.00763901
759 0.0034222
760 0.0070842
761 0.0046804
762 0.00264994
763 0.00324275
764 0.00603316
765 0.00386393
766 0.00472592
767 0.00284054
768 0.00469183
769 0.0032028
770 0.00254142
771 0.00534585
772 0.0120656
773 0.00329685
774 0.00546296
775 0.00618378
776 0.00551466
777 0.00459317
778 0.00346589
779 0.00391929
780 0.00788823
781 0.0121866
782 0.00353306
783 0.00590604
784 0.00697211
785 0.00842545
786 0.00236035
787 0.00418501
788 0.00280024
789 0.0119599
790 0.00188762
791 0.00520562
792 0.00756852
793 0.00618592
794 0.00527274
795 0.00400464
796 0.00396077
797 0.00368899
798 0.00818307
799 0.00586071
800 0.00751848
801 0.00676046
802 0.0022455
803 0.00414136
804 0.00334666
805 0.00631315
806 0.00520643
807 0.00424294
808 0.00251344
809 0.00760146
810 0.00757861
811 0.00469085
812 0.00594038
813 0.00582326
814 0.00276359
815 0.00801356
816 0.00502083
817 0.00201443
818 0.0063723
819 0.00321728
820 0.00784477
821 0.00385633
822 0.00308108
823 0.00375652
824 0.00410454
825 0.00544849
826 0.00438596
827 0.0085416
828 0.00681603
829 0.00342124
830 0.00376286
831 0.00495877
832 0.00616333
833 0.00699175
834 0.0050529
835 0.00587615
836 0.00286738
837 0.00423214
838 0.00329844
839 0.0046552
840 0.00383862
841 0.00637295
842 0.00351941
843 0.00219662
844 0.00324022
845 0.00328556
846 0.00209363
847 0.00374113
848 0.00335471
849 0.00283131
850 0.00775096
851 0.00347697
852 0.00560552
853 0.00464978
854 0.00360556
855 0.00336714
856 0.00240196
857 0.0109552
858 0.00315925
859 0.00478793
860 0.00367556
861 0.0051336
862 0.00357962
863 0.0116131
864 0.0051921
865 0.00358188
866 0.00531884
867 0.00508743
868 0.00331309
869 0.00695223
870 0.00209683
871 0.00415487
872 0.00366907
873 0.0029611
874 0.00599168
875 0.00246182
876 0.00557424
877 0.00431171
878 0.00639391
879 0.00356661
880 0.00326516
881 0.0057628
882 0.00689289
883 0.00600462
884 0.00221236
885 0.00667114
886 0.00641421
887 0.00206113
888 0.00472957
889 0.00467484
890 0.00275128
891 0.00459551
892 0.00294823
893 0.00167437
894 0.00289853
895 0.00529012
896 0.00376913
897 0.00460063
898 0.0033316
899 0.00601989
900 0.00235171
901 0.00545834
902 0.00210786
903 0.00733615
904 0.00367612
905 0.00375181
906 0.00244609
907 0.00310716
908 0.0134813
909 0.00549986
910 0.00413301
911 0.00370062
912 0.00315629
913 0.00290579
914 0.00262334
915 0.00784134
916 0.00233021
917 0.00527092
918 0.0047095
919 0.00667357
920 0.00208783
921 0.00523375
922 0.00449514
923 0.00402205
924 0.00192148
925 0.00413979
926 0.00455465
927 0.00677605
928 0.00484232
929 0.00468665
930 0.00304214
931 0.0023122
932 0.00367516
933 0.00480588
934 0.00380706
935 0.00540265
936 0.00283355
937 0.00467273
938 0.00865342
939 0.00399972
940 0.00799348
941 0.00411041
942 0.00454612
943 0.00568906
944 0.00317957
945 0.00662225
946 0.00313041
947 0.00658854
948 0.00376983
949 0.00773531
950 0.00498663
951 0.00768964
952 0.00454638
953 0.00255102
954 0.00428763
955 0.00431198
956 0.00270584
957 0.00311089
958 0.00504348
959 0.00510688
960 0.00416934
961 0.00488623
962 0.00318571
963 0.00240612
964 0.0053807
965 0.00262392
966 0.0020503
967 0.00503463
968 0.00503699
969 0.00880996
970 0.00341189
971 0.00485984
972 0.00348403
973 0.004626
974 0.00760196
975 0.00562514
976 0.00276745
977 0.00442982
978 0.00301614
979 0.00256173
980 0.0101559
981 0.0108861
982 0.00201588
983 0.00390079
984 0.00238608
985 0.00233428
986 0.00458534
987 0.00252304
988 0.00308483
989 0.0018905
990 0.00282207
991 0.00620455
992 0.00242858
993 0.00651451
994 0.00469932
995 0.0040335
996 0.00228824
997 0.00361253
998 0.00291429
999 0.00508096
1000 0.00207292
1001 0.00251104
1002 0.00232096
1003 0.00380868
1004 0.00290507
1005 0.00371296
1006 0.00254213
1007 0.00337528
1008 0.0066894
1009 0.00276712
1010 0.00234805
1011 0.00187735
1012 0.00324439
1013 0.00310371
1014 0.00199371
1015 0.00333275
1016 0.00480884
1017 0.00198034
1018 0.00546978
1019 0.0018339
1020 0.0041031
1021 0.00587524
1022 0.00245978
1023 0.00307135
1024 0.00350215
1025 0.0018405
1026 0.00246582
1027 0.00271524
1028 0.00360998
1029 0.00240172
1030 0.00356617
1031 0.00217826
1032 0.00343355
1033 0.00315019
1034 0.00352743
1035 0.00253909
1036 0.00841965
1037 0.00489803
1038 0.00480339
1039 0.0037898
1040 0.00324262
1041 0.00348201
1042 0.00381499
1043 0.00266018
1044 0.00563356
1045 0.0031599
1046 0.0028827
1047 0.00338416
1048 0.00518405
1049 0.00273233
1050 0.00528236
1051 0.00348783
1052 0.00263628
1053 0.00427961
1054 0.0020891
1055 0.00185336
1056 0.00256378
1057 0.00210505
1058 0.00471674
1059 0.00615686
1060 0.00593201
1061 0.00541304
1062 0.00374638
1063 0.00420442
1064 0.00338863
1065 0.00382611
1066 0.00224607
1067 0.00444765
1068 0.00328869
1069 0.00273106
1070 0.00471709
1071 0.00114077
1072 0.00156965
1073 0.00234004
1074 0.00258421
1075 0.0042259
1076 0.00865067
1077 0.00387162
1078 0.00472598
1079 0.00521195
1080 0.00308208
1081 0.00371951
1082 0.0031622
1083 0.00260897
1084 0.00350172
1085 0.00330699
1086 0.00229055
1087 0.00159507
1088 0.00202486
1089 0.00327103
1090 0.00217718
1091 0.00225113
1092 0.00718532
1093 0.00351206
1094 0.00309255
1095 0.00370585
1096 0.00353743
1097 0.00263808
1098 0.00247055
1099 0.00175156
1100 0.00361635
1101 0.00185603
1102 0.00297517
1103 0.00416635
1104 0.00337949
1105 0.00372206
1106 0.00430258
1107 0.00295401
1108 0.00256193
1109 0.00210699
1110 0.00476936
1111 0.00244062
1112 0.00392239
1113 0.00207463
1114 0.00616149
1115 0.00284236
1116 0.00161201
1117 0.00308473
1118 0.00139843
1119 0.00236561
1120 0.00204594
1121 0.00390474
1122 0.00239052
1123 0.00398776
1124 0.00440739
1125 0.00673427
1126 0.00252822
1127 0.00574582
1128 0.00554301
1129 0.00183332
1130 0.00272535
1131 0.00605926
1132 0.00270083
1133 0.00310567
1134 0.00186844
1135 0.00437984
1136 0.00441813
1137 0.00376567
1138 0.00559649
1139 0.00361041
1140 0.00328804
1141 0.00410688
1142 0.004744
1143 0.00180632
1144 0.002376
1145 0.0037189
1146 0.00202279
1147 0.00254452
1148 0.00309232
1149 0.00381645
1150 0.00425812
1151 0.00206376
1152 0.00321539
1153 0.00178934
1154 0.00592601
1155 0.00322388
1156 0.00204287
1157 0.00222651
1158 0.0031133
1159 0.00367429
1160 0.00449704
1161 0.00340115
1162 0.00277422
1163 0.00265088
1164 0.00434669
1165 0.00375997
1166 0.00289366
1167 0.0039913
1168 0.00307618
1169 0.00203029
1170 0.00209947
1171 0.00199596
1172 0.00370772
1173 0.00206484
1174 0.00146383
1175 0.00343935
1176 0.00563812
1177 0.00273512
1178 0.00314258
1179 0.00120261
1180 0.00589929
1181 0.00478808
1182 0.00190285
1183 0.00272245
1184 0.00204771
1185 0.00208542
1186 0.00206175
1187 0.00607254
1188 0.00206526
1189 0.00174809
1190 0.00266265
1191 0.00442246
1192 0.00249443
1193 0.00306158
1194 0.00261565
1195 0.00217682
1196 0.00365478
1197 0.00615348
1198 0.0040547
1199 0.00372064
1200 0.00267727
1201 0.00463227
1202 0.0024495
1203 0.00194361
1204 0.00468893
1205 0.00218188
1206 0.00559791
1207 0.00363806
1208 0.00223636
1209 0.00494509
1210 0.00279001
1211 0.0025718
1212 0.00274836
1213 0.00224689
1214 0.00271577
1215 0.00209567
1216 0.00199798
1217 0.00211543
1218 0.00248077
1219 0.00240776
1220 0.00515077
1221 0.00380781
1222 0.00364012
1223 0.0035979
1224 0.00251091
1225 0.0036574
1226 0.00319369
1227 0.00384669
1228 0.00241812
1229 0.0039788
1230 0.00360817
1231 0.00252294
1232 0.00135035
1233 0.00350987
1234 0.00300887
1235 0.0038474
1236 0.00211128
1237 0.00109907
1238 0.00375262
1239 0.00390022
1240 0.00285644
1241 0.00220195
1242 0.00219941
1243 0.00287513
1244 0.00266838
1245 0.00198223
1246 0.00176221
